4.25	21.9	
7.09	657	
6.96	611	
5.22	164	
4.40	32.2	
5.47	213	
4.16	17.9	
4.19	21.6	
3.63	0.61	
3.91	9.55	
3.76	0.44	
3.81	4.74	
12.40	3780	
4.94	122	
4.34	20.7	
4.24	13.7	
15.13	4420	
4.66	34.2	
19.43	10800	
4.59	4.19	
4.69	14.0	
4.77	24.0	
16.97	6830	
5.22	46.9	
11.13	2880	
4.84	33.7	
4.23	0.71	
17.25	6480	
4.80	33.7	
4.51	5.92	
4.74	30.9	
4.59	37.0	
4.69	55.4	
6.22	444	
3.43	3.59	
3.43	3.46	
3.43	3.70	
3.64	9.03	
3.91	22.5	
4.90	174	
3.98	31.4	
3.66	12.5	
3.26	0.61	
3.33	0.26	
3.33	0.28	
4.10	40.0	
3.63	10.0	
3.73	15.7	
9.63	1890	
3.25	0.58	
3.20	0.26	
3.26	0.21	
3.34	0.21	
3.47	2.17	
3.54	5.76	
4.15	46.9	
4.75	60.3	
4.35	48.0	
3.42	1.25	
3.41	1.86	
3.47	4.38	
3.73	7.93	
13.40	3670	
4.16	33.1	
3.55	0.89	
16.86	6510	
4.19	36.4	
3.48	4.09		
4.19	26.8	
4.07	31.8	
4.37	57.9	
4.20	25.8	
3.75	1.41	
4.97	158	
3.98	9.64	
3.98	10.4	
4.02	12.1	
4.11	20.8	
4.71	96.0	
4.71	91.3	
3.69	2.25	
3.86	4.95	
3.80	2.37	
4.60	80.3	
4.03	16.0	
3.66	2.34	
3.57	0.16	
3.57	0.70	
3.68	2.60	
4.19	24.5	
3.63	1.85	
3.54	0.20	
3.58	0.12	
4.48	39.3	
5.13	134	
4.28	16.7	
4.09	10.2	
3.77	1.89	
3.74	1.41	
4.52	30.4	
5.09	110	
4.73	56.8	
8.85	1460	
10.70	2390	
10.84	2360	
13.88	4450	
4.46	34.8	
3.98	10.9	
3.92	5.76	
3.76	8.63	
4.80	60.6	
4.44	27.7	
5.19	21.8	
4.57	5.35	
4.65	13.0	
4.52	7.54		
5.34	69.5	
5.84	148			
4.61	22.2	
4.19	1.93	
